x              forward(x)     
+1.0000e+00    +0.0000e+00   
+9.9000e-01    +5.6571e-03   
+9.8000e-01    +1.1284e-02   
+9.7000e-01    +1.6882e-02   
+9.6000e-01    +2.2449e-02   
+9.5000e-01    +2.7986e-02   
+9.4000e-01    +3.3493e-02   
+9.3000e-01    +3.8969e-02   
+9.2000e-01    +4.4415e-02   
+9.1000e-01    +4.9830e-02   
+9.0000e-01    +5.5214e-02   
+8.9000e-01    +6.0567e-02   
+8.8000e-01    +6.5889e-02   
+8.7000e-01    +7.1179e-02   
+8.6000e-01    +7.6437e-02   
+8.5000e-01    +8.1662e-02   
+8.4000e-01    +8.6856e-02   
+8.3000e-01    +9.2016e-02   
+8.2000e-01    +9.7143e-02   
+8.1000e-01    +1.0224e-01   
+8.0000e-01    +1.0730e-01   
+7.9000e-01    +1.1232e-01   
+7.8000e-01    +1.1731e-01   
+7.7000e-01    +1.2226e-01   
+7.6000e-01    +1.2718e-01   
+7.5000e-01    +1.3207e-01   
+7.4000e-01    +1.3691e-01   
+7.3000e-01    +1.4172e-01   
+7.2000e-01    +1.4649e-01   
+7.1000e-01    +1.5122e-01   
+7.0000e-01    +1.5591e-01   
+6.9000e-01    +1.6056e-01   
+6.8000e-01    +1.6517e-01   
+6.7000e-01    +1.6974e-01   
+6.6000e-01    +1.7427e-01   
+6.5000e-01    +1.7876e-01   
+6.4000e-01    +1.8320e-01   
+6.3000e-01    +1.8760e-01   
+6.2000e-01    +1.9195e-01   
+6.1000e-01    +1.9626e-01   
+6.0000e-01    +2.0052e-01   
+5.9000e-01    +2.0473e-01   
+5.8000e-01    +2.0890e-01   
+5.7000e-01    +2.1302e-01   
+5.6000e-01    +2.1709e-01   
+5.5000e-01    +2.2110e-01   
+5.4000e-01    +2.2507e-01   
+5.3000e-01    +2.2899e-01   
+5.2000e-01    +2.3285e-01   
+5.1000e-01    +2.3666e-01   
+5.0000e-01    +2.4041e-01   
+4.9000e-01    +2.4411e-01   
+4.8000e-01    +2.4776e-01   
+4.7000e-01    +2.5134e-01   
+4.6000e-01    +2.5487e-01   
+4.5000e-01    +2.5834e-01   
+4.4000e-01    +2.6175e-01   
+4.3000e-01    +2.6510e-01   
+4.2000e-01    +2.6839e-01   
+4.1000e-01    +2.7162e-01   
+4.0000e-01    +2.7479e-01   
+3.9000e-01    +2.7789e-01   
+3.8000e-01    +2.8093e-01   
+3.7000e-01    +2.8390e-01   
+3.6000e-01    +2.8680e-01   
+3.5000e-01    +2.8964e-01   
+3.4000e-01    +2.9241e-01   
+3.3000e-01    +2.9512e-01   
+3.2000e-01    +2.9775e-01   
+3.1000e-01    +3.0031e-01   
+3.0000e-01    +3.0281e-01   
+2.9000e-01    +3.0523e-01   
+2.8000e-01    +3.0758e-01   
+2.7000e-01    +3.0986e-01   
+2.6000e-01    +3.1206e-01   
+2.5000e-01    +3.1419e-01   
+2.4000e-01    +3.1625e-01   
+2.3000e-01    +3.1823e-01   
+2.2000e-01    +3.2013e-01   
+2.1000e-01    +3.2196e-01   
+2.0000e-01    +3.2371e-01   
+1.9000e-01    +3.2538e-01   
+1.8000e-01    +3.2698e-01   
+1.7000e-01    +3.2850e-01   
+1.6000e-01    +3.2994e-01   
+1.5000e-01    +3.3130e-01   
+1.4000e-01    +3.3258e-01   
+1.3000e-01    +3.3378e-01   
+1.2000e-01    +3.3490e-01   
+1.1000e-01    +3.3594e-01   
+1.0000e-01    +3.3689e-01   
+9.0000e-02    +3.3777e-01   
+8.0000e-02    +3.3857e-01   
+7.0000e-02    +3.3928e-01   
+6.0000e-02    +3.3992e-01   
+5.0000e-02    +3.4047e-01   
+4.0000e-02    +3.4093e-01   
+3.0000e-02    +3.4132e-01   
+2.0000e-02    +3.4162e-01   
+1.0000e-02    +3.4185e-01   
+0.0000e+00    +3.4198e-01   
-1.0000e-02    +3.4204e-01   
-2.0000e-02    +3.4201e-01   
-3.0000e-02    +3.4190e-01   
-4.0000e-02    +3.4171e-01   
-5.0000e-02    +3.4144e-01   
-6.0000e-02    +3.4108e-01   
-7.0000e-02    +3.4064e-01   
-8.0000e-02    +3.4012e-01   
-9.0000e-02    +3.3952e-01   
-1.0000e-01    +3.3883e-01   
-1.1000e-01    +3.3807e-01   
-1.2000e-01    +3.3722e-01   
-1.3000e-01    +3.3629e-01   
-1.4000e-01    +3.3528e-01   
-1.5000e-01    +3.3419e-01   
-1.6000e-01    +3.3302e-01   
-1.7000e-01    +3.3176e-01   
-1.8000e-01    +3.3043e-01   
-1.9000e-01    +3.2902e-01   
-2.0000e-01    +3.2753e-01   
-2.1000e-01    +3.2597e-01   
-2.2000e-01    +3.2432e-01   
-2.3000e-01    +3.2260e-01   
-2.4000e-01    +3.2080e-01   
-2.5000e-01    +3.1892e-01   
-2.6000e-01    +3.1696e-01   
-2.7000e-01    +3.1493e-01   
-2.8000e-01    +3.1283e-01   
-2.9000e-01    +3.1065e-01   
-3.0000e-01    +3.0839e-01   
-3.1000e-01    +3.0606e-01   
-3.2000e-01    +3.0366e-01   
-3.3000e-01    +3.0119e-01   
-3.4000e-01    +2.9864e-01   
-3.5000e-01    +2.9602e-01   
-3.6000e-01    +2.9333e-01   
-3.7000e-01    +2.9057e-01   
-3.8000e-01    +2.8774e-01   
-3.9000e-01    +2.8484e-01   
-4.0000e-01    +2.8187e-01   
-4.1000e-01    +2.7884e-01   
-4.2000e-01    +2.7573e-01   
-4.3000e-01    +2.7256e-01   
-4.4000e-01    +2.6933e-01   
-4.5000e-01    +2.6602e-01   
-4.6000e-01    +2.6266e-01   
-4.7000e-01    +2.5922e-01   
-4.8000e-01    +2.5573e-01   
-4.9000e-01    +2.5217e-01   
-5.0000e-01    +2.4855e-01   
-5.1000e-01    +2.4486e-01   
-5.2000e-01    +2.4112e-01   
-5.3000e-01    +2.3732e-01   
-5.4000e-01    +2.3345e-01   
-5.5000e-01    +2.2953e-01   
-5.6000e-01    +2.2554e-01   
-5.7000e-01    +2.2150e-01   
-5.8000e-01    +2.1740e-01   
-5.9000e-01    +2.1325e-01   
-6.0000e-01    +2.0904e-01   
-6.1000e-01    +2.0477e-01   
-6.2000e-01    +2.0045e-01   
-6.3000e-01    +1.9607e-01   
-6.4000e-01    +1.9164e-01   
-6.5000e-01    +1.8715e-01   
-6.6000e-01    +1.8262e-01   
-6.7000e-01    +1.7803e-01   
-6.8000e-01    +1.7339e-01   
-6.9000e-01    +1.6869e-01   
-7.0000e-01    +1.6395e-01   
-7.1000e-01    +1.5916e-01   
-7.2000e-01    +1.5431e-01   
-7.3000e-01    +1.4942e-01   
-7.4000e-01    +1.4448e-01   
-7.5000e-01    +1.3949e-01   
-7.6000e-01    +1.3446e-01   
-7.7000e-01    +1.2937e-01   
-7.8000e-01    +1.2424e-01   
-7.9000e-01    +1.1906e-01   
-8.0000e-01    +1.1384e-01   
-8.1000e-01    +1.0857e-01   
-8.2000e-01    +1.0325e-01   
-8.3000e-01    +9.7888e-02   
-8.4000e-01    +9.2481e-02   
-8.5000e-01    +8.7029e-02   
-8.6000e-01    +8.1532e-02   
-8.7000e-01    +7.5991e-02   
-8.8000e-01    +7.0406e-02   
-8.9000e-01    +6.4777e-02   
-9.0000e-01    +5.9104e-02   
-9.1000e-01    +5.3387e-02   
-9.2000e-01    +4.7628e-02   
-9.3000e-01    +4.1824e-02   
-9.4000e-01    +3.5978e-02   
-9.5000e-01    +3.0089e-02   
-9.6000e-01    +2.4157e-02   
-9.7000e-01    +1.8182e-02   
-9.8000e-01    +1.2164e-02   
-9.9000e-01    +6.1034e-03   
-1.0000e+00    +0.0000e+00   
