x              mean(f(x))     mean(g^2(x))   
+1.0000e+00    +1.0995e+00    +2.5257e+00   
+9.9000e-01    +1.1041e+00    +2.5254e+00   
+9.8000e-01    +1.1082e+00    +2.5248e+00   
+9.7000e-01    +1.1121e+00    +2.5242e+00   
+9.6000e-01    +1.1158e+00    +2.5237e+00   
+9.5000e-01    +1.1191e+00    +2.5231e+00   
+9.4000e-01    +1.1222e+00    +2.5224e+00   
+9.3000e-01    +1.1251e+00    +2.5217e+00   
+9.2000e-01    +1.1279e+00    +2.5206e+00   
+9.1000e-01    +1.1304e+00    +2.5195e+00   
+9.0000e-01    +1.1324e+00    +2.5184e+00   
+8.9000e-01    +1.1337e+00    +2.5173e+00   
+8.8000e-01    +1.1345e+00    +2.5162e+00   
+8.7000e-01    +1.1347e+00    +2.5152e+00   
+8.6000e-01    +1.1347e+00    +2.5145e+00   
+8.5000e-01    +1.1342e+00    +2.5138e+00   
+8.4000e-01    +1.1333e+00    +2.5127e+00   
+8.3000e-01    +1.1321e+00    +2.5113e+00   
+8.2000e-01    +1.1303e+00    +2.5098e+00   
+8.1000e-01    +1.1281e+00    +2.5083e+00   
+8.0000e-01    +1.1255e+00    +2.5069e+00   
+7.9000e-01    +1.1225e+00    +2.5052e+00   
+7.8000e-01    +1.1193e+00    +2.5034e+00   
+7.7000e-01    +1.1155e+00    +2.5017e+00   
+7.6000e-01    +1.1111e+00    +2.5002e+00   
+7.5000e-01    +1.1061e+00    +2.4988e+00   
+7.4000e-01    +1.1010e+00    +2.4973e+00   
+7.3000e-01    +1.0955e+00    +2.4956e+00   
+7.2000e-01    +1.0897e+00    +2.4938e+00   
+7.1000e-01    +1.0835e+00    +2.4921e+00   
+7.0000e-01    +1.0770e+00    +2.4902e+00   
+6.9000e-01    +1.0701e+00    +2.4881e+00   
+6.8000e-01    +1.0628e+00    +2.4860e+00   
+6.7000e-01    +1.0551e+00    +2.4836e+00   
+6.6000e-01    +1.0472e+00    +2.4811e+00   
+6.5000e-01    +1.0391e+00    +2.4783e+00   
+6.4000e-01    +1.0305e+00    +2.4754e+00   
+6.3000e-01    +1.0213e+00    +2.4726e+00   
+6.2000e-01    +1.0116e+00    +2.4696e+00   
+6.1000e-01    +1.0018e+00    +2.4666e+00   
+6.0000e-01    +9.9151e-01    +2.4639e+00   
+5.9000e-01    +9.8125e-01    +2.4616e+00   
+5.8000e-01    +9.7049e-01    +2.4594e+00   
+5.7000e-01    +9.5928e-01    +2.4572e+00   
+5.6000e-01    +9.4771e-01    +2.4552e+00   
+5.5000e-01    +9.3577e-01    +2.4534e+00   
+5.4000e-01    +9.2340e-01    +2.4519e+00   
+5.3000e-01    +9.1064e-01    +2.4505e+00   
+5.2000e-01    +8.9763e-01    +2.4493e+00   
+5.1000e-01    +8.8452e-01    +2.4481e+00   
+5.0000e-01    +8.7127e-01    +2.4468e+00   
+4.9000e-01    +8.5783e-01    +2.4453e+00   
+4.8000e-01    +8.4396e-01    +2.4439e+00   
+4.7000e-01    +8.2978e-01    +2.4424e+00   
+4.6000e-01    +8.1538e-01    +2.4409e+00   
+4.5000e-01    +8.0081e-01    +2.4394e+00   
+4.4000e-01    +7.8627e-01    +2.4379e+00   
+4.3000e-01    +7.7138e-01    +2.4363e+00   
+4.2000e-01    +7.5640e-01    +2.4346e+00   
+4.1000e-01    +7.4132e-01    +2.4326e+00   
+4.0000e-01    +7.2597e-01    +2.4302e+00   
+3.9000e-01    +7.1066e-01    +2.4279e+00   
+3.8000e-01    +6.9541e-01    +2.4256e+00   
+3.7000e-01    +6.8015e-01    +2.4234e+00   
+3.6000e-01    +6.6468e-01    +2.4213e+00   
+3.5000e-01    +6.4920e-01    +2.4194e+00   
+3.4000e-01    +6.3355e-01    +2.4177e+00   
+3.3000e-01    +6.1778e-01    +2.4161e+00   
+3.2000e-01    +6.0193e-01    +2.4143e+00   
+3.1000e-01    +5.8576e-01    +2.4125e+00   
+3.0000e-01    +5.6962e-01    +2.4107e+00   
+2.9000e-01    +5.5362e-01    +2.4092e+00   
+2.8000e-01    +5.3796e-01    +2.4079e+00   
+2.7000e-01    +5.2263e-01    +2.4067e+00   
+2.6000e-01    +5.0756e-01    +2.4054e+00   
+2.5000e-01    +4.9275e-01    +2.4042e+00   
+2.4000e-01    +4.7787e-01    +2.4030e+00   
+2.3000e-01    +4.6291e-01    +2.4019e+00   
+2.2000e-01    +4.4793e-01    +2.4009e+00   
+2.1000e-01    +4.3308e-01    +2.4002e+00   
+2.0000e-01    +4.1794e-01    +2.3999e+00   
+1.9000e-01    +4.0290e-01    +2.3998e+00   
+1.8000e-01    +3.8796e-01    +2.4001e+00   
+1.7000e-01    +3.7311e-01    +2.4004e+00   
+1.6000e-01    +3.5817e-01    +2.4007e+00   
+1.5000e-01    +3.4320e-01    +2.4012e+00   
+1.4000e-01    +3.2829e-01    +2.4018e+00   
+1.3000e-01    +3.1332e-01    +2.4024e+00   
+1.2000e-01    +2.9828e-01    +2.4031e+00   
+1.1000e-01    +2.8305e-01    +2.4038e+00   
+1.0000e-01    +2.6743e-01    +2.4043e+00   
+9.0000e-02    +2.5156e-01    +2.4048e+00   
+8.0000e-02    +2.3557e-01    +2.4055e+00   
+7.0000e-02    +2.1953e-01    +2.4065e+00   
+6.0000e-02    +2.0357e-01    +2.4078e+00   
+5.0000e-02    +1.8761e-01    +2.4092e+00   
+4.0000e-02    +1.7171e-01    +2.4108e+00   
+3.0000e-02    +1.5577e-01    +2.4123e+00   
+2.0000e-02    +1.3997e-01    +2.4141e+00   
+1.0000e-02    +1.2432e-01    +2.4161e+00   
+0.0000e+00    +1.0900e-01    +2.4183e+00   
-1.0000e-02    +9.3677e-02    +2.4207e+00   
-2.0000e-02    +7.8392e-02    +2.4232e+00   
-3.0000e-02    +6.3240e-02    +2.4258e+00   
-4.0000e-02    +4.8153e-02    +2.4281e+00   
-5.0000e-02    +3.3108e-02    +2.4305e+00   
-6.0000e-02    +1.7939e-02    +2.4329e+00   
-7.0000e-02    +3.0289e-03    +2.4352e+00   
-8.0000e-02    -1.1828e-02    +2.4375e+00   
-9.0000e-02    -2.6767e-02    +2.4398e+00   
-1.0000e-01    -4.1632e-02    +2.4422e+00   
-1.1000e-01    -5.6457e-02    +2.4448e+00   
-1.2000e-01    -7.1346e-02    +2.4474e+00   
-1.3000e-01    -8.6404e-02    +2.4501e+00   
-1.4000e-01    -1.0164e-01    +2.4531e+00   
-1.5000e-01    -1.1677e-01    +2.4562e+00   
-1.6000e-01    -1.3138e-01    +2.4593e+00   
-1.7000e-01    -1.4579e-01    +2.4625e+00   
-1.8000e-01    -1.6011e-01    +2.4658e+00   
-1.9000e-01    -1.7421e-01    +2.4690e+00   
-2.0000e-01    -1.8826e-01    +2.4725e+00   
-2.1000e-01    -2.0172e-01    +2.4761e+00   
-2.2000e-01    -2.1515e-01    +2.4795e+00   
-2.3000e-01    -2.2830e-01    +2.4832e+00   
-2.4000e-01    -2.4129e-01    +2.4871e+00   
-2.5000e-01    -2.5421e-01    +2.4910e+00   
-2.6000e-01    -2.6714e-01    +2.4950e+00   
-2.7000e-01    -2.7994e-01    +2.4989e+00   
-2.8000e-01    -2.9240e-01    +2.5030e+00   
-2.9000e-01    -3.0485e-01    +2.5071e+00   
-3.0000e-01    -3.1700e-01    +2.5112e+00   
-3.1000e-01    -3.2902e-01    +2.5151e+00   
-3.2000e-01    -3.4065e-01    +2.5192e+00   
-3.3000e-01    -3.5270e-01    +2.5232e+00   
-3.4000e-01    -3.6457e-01    +2.5275e+00   
-3.5000e-01    -3.7630e-01    +2.5316e+00   
-3.6000e-01    -3.8804e-01    +2.5357e+00   
-3.7000e-01    -3.9961e-01    +2.5400e+00   
-3.8000e-01    -4.1129e-01    +2.5442e+00   
-3.9000e-01    -4.2294e-01    +2.5483e+00   
-4.0000e-01    -4.3471e-01    +2.5525e+00   
-4.1000e-01    -4.4632e-01    +2.5565e+00   
-4.2000e-01    -4.5797e-01    +2.5603e+00   
-4.3000e-01    -4.6966e-01    +2.5640e+00   
-4.4000e-01    -4.8124e-01    +2.5678e+00   
-4.5000e-01    -4.9257e-01    +2.5718e+00   
-4.6000e-01    -5.0376e-01    +2.5758e+00   
-4.7000e-01    -5.1465e-01    +2.5798e+00   
-4.8000e-01    -5.2515e-01    +2.5838e+00   
-4.9000e-01    -5.3536e-01    +2.5876e+00   
-5.0000e-01    -5.4511e-01    +2.5913e+00   
-5.1000e-01    -5.5463e-01    +2.5949e+00   
-5.2000e-01    -5.6409e-01    +2.5982e+00   
-5.3000e-01    -5.7354e-01    +2.6014e+00   
-5.4000e-01    -5.8283e-01    +2.6045e+00   
-5.5000e-01    -5.9207e-01    +2.6074e+00   
-5.6000e-01    -6.0111e-01    +2.6104e+00   
-5.7000e-01    -6.0988e-01    +2.6136e+00   
-5.8000e-01    -6.1846e-01    +2.6166e+00   
-5.9000e-01    -6.2696e-01    +2.6196e+00   
-6.0000e-01    -6.3514e-01    +2.6229e+00   
-6.1000e-01    -6.4336e-01    +2.6261e+00   
-6.2000e-01    -6.5149e-01    +2.6289e+00   
-6.3000e-01    -6.5937e-01    +2.6318e+00   
-6.4000e-01    -6.6683e-01    +2.6348e+00   
-6.5000e-01    -6.7396e-01    +2.6378e+00   
-6.6000e-01    -6.8063e-01    +2.6406e+00   
-6.7000e-01    -6.8698e-01    +2.6430e+00   
-6.8000e-01    -6.9298e-01    +2.6450e+00   
-6.9000e-01    -6.9874e-01    +2.6470e+00   
-7.0000e-01    -7.0434e-01    +2.6491e+00   
-7.1000e-01    -7.0964e-01    +2.6512e+00   
-7.2000e-01    -7.1440e-01    +2.6529e+00   
-7.3000e-01    -7.1847e-01    +2.6547e+00   
-7.4000e-01    -7.2204e-01    +2.6564e+00   
-7.5000e-01    -7.2536e-01    +2.6580e+00   
-7.6000e-01    -7.2835e-01    +2.6592e+00   
-7.7000e-01    -7.3091e-01    +2.6603e+00   
-7.8000e-01    -7.3316e-01    +2.6614e+00   
-7.9000e-01    -7.3505e-01    +2.6623e+00   
-8.0000e-01    -7.3652e-01    +2.6633e+00   
-8.1000e-01    -7.3768e-01    +2.6644e+00   
-8.2000e-01    -7.3840e-01    +2.6656e+00   
-8.3000e-01    -7.3874e-01    +2.6667e+00   
-8.4000e-01    -7.3882e-01    +2.6677e+00   
-8.5000e-01    -7.3864e-01    +2.6688e+00   
-8.6000e-01    -7.3819e-01    +2.6699e+00   
-8.7000e-01    -7.3751e-01    +2.6710e+00   
-8.8000e-01    -7.3650e-01    +2.6720e+00   
-8.9000e-01    -7.3506e-01    +2.6729e+00   
-9.0000e-01    -7.3318e-01    +2.6736e+00   
-9.1000e-01    -7.3134e-01    +2.6743e+00   
-9.2000e-01    -7.2919e-01    +2.6746e+00   
-9.3000e-01    -7.2691e-01    +2.6745e+00   
-9.4000e-01    -7.2421e-01    +2.6748e+00   
-9.5000e-01    -7.2052e-01    +2.6753e+00   
-9.6000e-01    -7.1641e-01    +2.6761e+00   
-9.7000e-01    -7.1197e-01    +2.6766e+00   
-9.8000e-01    -7.0732e-01    +2.6771e+00   
-9.9000e-01    -7.0242e-01    +2.6775e+00   
-1.0000e+00    -6.9738e-01    +2.6776e+00   
