QOI            
+1.3297e+01   
+1.3384e+01   
+1.3384e+01   
+1.3384e+01   
+1.3927e+01   
+1.3927e+01   
+1.4368e+01   
+1.3847e+01   
+1.4048e+01   
+1.4048e+01   
+1.4048e+01   
+1.4048e+01   
+1.4048e+01   
+1.4475e+01   
+1.4475e+01   
+1.4475e+01   
+1.4298e+01   
+1.4298e+01   
+1.4298e+01   
+1.4312e+01   
+1.4312e+01   
+1.4312e+01   
+1.4070e+01   
+1.4070e+01   
+1.3717e+01   
+1.3717e+01   
+1.4006e+01   
+1.3829e+01   
+1.3829e+01   
+1.3829e+01   
+1.3829e+01   
+1.3829e+01   
+1.3632e+01   
+1.3632e+01   
+1.4228e+01   
+1.4228e+01   
+1.4228e+01   
+1.4228e+01   
+1.4228e+01   
+1.4228e+01   
+1.3864e+01   
+1.3395e+01   
+1.3330e+01   
+1.2562e+01   
+1.2562e+01   
+1.2562e+01   
+1.2216e+01   
+1.2216e+01   
+1.2216e+01   
+1.2216e+01   
+1.2403e+01   
+1.2515e+01   
+1.2515e+01   
+1.2515e+01   
+1.2913e+01   
+1.2913e+01   
+1.2533e+01   
+1.2533e+01   
+1.2533e+01   
+1.2533e+01   
+1.2533e+01   
+1.2838e+01   
+1.2838e+01   
+1.2838e+01   
+1.2881e+01   
+1.2881e+01   
+1.2755e+01   
+1.2755e+01   
+1.2777e+01   
+1.2777e+01   
+1.2777e+01   
+1.2869e+01   
+1.2869e+01   
+1.3006e+01   
+1.2789e+01   
+1.3093e+01   
+1.3677e+01   
+1.4683e+01   
+1.4894e+01   
+1.5228e+01   
+1.5722e+01   
+1.4144e+01   
+1.4144e+01   
+1.3856e+01   
+1.4345e+01   
+1.4345e+01   
+1.4345e+01   
+1.5148e+01   
+1.5148e+01   
+1.5148e+01   
+1.5027e+01   
+1.4932e+01   
+1.4319e+01   
+1.4319e+01   
+1.4011e+01   
+1.4011e+01   
+1.4011e+01   
+1.4011e+01   
+1.4011e+01   
+1.4011e+01   
+1.4194e+01   
+1.4194e+01   
+1.4194e+01   
+1.4194e+01   
+1.4013e+01   
+1.4013e+01   
+1.3729e+01   
+1.3493e+01   
+1.3493e+01   
+1.3493e+01   
+1.3493e+01   
+1.3493e+01   
+1.3416e+01   
+1.3416e+01   
+1.3416e+01   
+1.3628e+01   
+1.3628e+01   
+1.3626e+01   
+1.3626e+01   
+1.3500e+01   
+1.3138e+01   
+1.3662e+01   
+1.3662e+01   
+1.4097e+01   
+1.4720e+01   
+1.4720e+01   
+1.4237e+01   
+1.4237e+01   
+1.4357e+01   
+1.3686e+01   
+1.3686e+01   
+1.3686e+01   
+1.3686e+01   
+1.3686e+01   
+1.3686e+01   
+1.3339e+01   
+1.2940e+01   
+1.2940e+01   
+1.3030e+01   
+1.3448e+01   
+1.3584e+01   
+1.3256e+01   
+1.3256e+01   
+1.3565e+01   
+1.3565e+01   
+1.3565e+01   
+1.3565e+01   
+1.3730e+01   
+1.3386e+01   
+1.3392e+01   
+1.3392e+01   
+1.3392e+01   
+1.3392e+01   
+1.3880e+01   
+1.3880e+01   
+1.3880e+01   
+1.3880e+01   
+1.3824e+01   
+1.3824e+01   
+1.3425e+01   
+1.3425e+01   
+1.3425e+01   
+1.3425e+01   
+1.3158e+01   
+1.3158e+01   
+1.3158e+01   
+1.3158e+01   
+1.3158e+01   
+1.3158e+01   
+1.3158e+01   
+1.3158e+01   
+1.3158e+01   
+1.3158e+01   
+1.2982e+01   
+1.2982e+01   
+1.2824e+01   
+1.3028e+01   
+1.3028e+01   
+1.2789e+01   
+1.2682e+01   
+1.2817e+01   
+1.2817e+01   
+1.2817e+01   
+1.2817e+01   
+1.2817e+01   
+1.3050e+01   
+1.3309e+01   
+1.3309e+01   
+1.3143e+01   
+1.3019e+01   
+1.3013e+01   
+1.3062e+01   
+1.3171e+01   
+1.3693e+01   
+1.3693e+01   
+1.3693e+01   
+1.3693e+01   
+1.3693e+01   
+1.3693e+01   
+1.3775e+01   
+1.3755e+01   
+1.4350e+01   
+1.4350e+01   
+1.4844e+01   
+1.4616e+01   
+1.5729e+01   
+1.5729e+01   
+1.5729e+01   
+1.5729e+01   
+1.4904e+01   
+1.4904e+01   
+1.4401e+01   
+1.4401e+01   
+1.4379e+01   
+1.4376e+01   
+1.3933e+01   
+1.3691e+01   
+1.3814e+01   
+1.3459e+01   
+1.3459e+01   
+1.2942e+01   
+1.2618e+01   
+1.2699e+01   
+1.2699e+01   
+1.2976e+01   
+1.3167e+01   
+1.3167e+01   
+1.3167e+01   
+1.3167e+01   
+1.3167e+01   
+1.3167e+01   
+1.3086e+01   
+1.2453e+01   
+1.2752e+01   
+1.2752e+01   
+1.2598e+01   
+1.2598e+01   
+1.3560e+01   
+1.2962e+01   
+1.2962e+01   
+1.2962e+01   
+1.2962e+01   
+1.2965e+01   
+1.2965e+01   
+1.2965e+01   
+1.2965e+01   
+1.3004e+01   
+1.2814e+01   
+1.3112e+01   
+1.3275e+01   
+1.3254e+01   
+1.3254e+01   
+1.3542e+01   
+1.3542e+01   
+1.3542e+01   
+1.3769e+01   
+1.3478e+01   
+1.3478e+01   
+1.3741e+01   
+1.4356e+01   
+1.4281e+01   
+1.4281e+01   
+1.4281e+01   
+1.4281e+01   
+1.4183e+01   
+1.4247e+01   
+1.4247e+01   
+1.4354e+01   
+1.4572e+01   
+1.4572e+01   
+1.4440e+01   
+1.4440e+01   
+1.4440e+01   
+1.4440e+01   
+1.4367e+01   
+1.4367e+01   
+1.3996e+01   
+1.3973e+01   
+1.3905e+01   
+1.3082e+01   
+1.2877e+01   
+1.2877e+01   
+1.3553e+01   
+1.3401e+01   
+1.3401e+01   
+1.2912e+01   
+1.2912e+01   
+1.2725e+01   
+1.2548e+01   
+1.2560e+01   
+1.2560e+01   
+1.2560e+01   
+1.2560e+01   
+1.3099e+01   
+1.3099e+01   
+1.3099e+01   
+1.3663e+01   
+1.3469e+01   
+1.3469e+01   
+1.3469e+01   
+1.3469e+01   
+1.3469e+01   
+1.3469e+01   
+1.4044e+01   
+1.3977e+01   
+1.3970e+01   
+1.3970e+01   
+1.4556e+01   
+1.4422e+01   
+1.4422e+01   
+1.4637e+01   
+1.4637e+01   
+1.3615e+01   
+1.3615e+01   
+1.3615e+01   
+1.3615e+01   
+1.3603e+01   
+1.3603e+01   
+1.3884e+01   
+1.3300e+01   
+1.3501e+01   
+1.3191e+01   
+1.3191e+01   
+1.3455e+01   
+1.3269e+01   
+1.3191e+01   
+1.3191e+01   
+1.3159e+01   
+1.3159e+01   
+1.2997e+01   
+1.2997e+01   
+1.2997e+01   
+1.2960e+01   
+1.3065e+01   
+1.3065e+01   
+1.3065e+01   
+1.2875e+01   
+1.2875e+01   
+1.2875e+01   
+1.2620e+01   
+1.2620e+01   
+1.2620e+01   
+1.3647e+01   
+1.3694e+01   
+1.3694e+01   
+1.3131e+01   
+1.3043e+01   
+1.3043e+01   
+1.3077e+01   
+1.3077e+01   
+1.3380e+01   
+1.3380e+01   
+1.3380e+01   
+1.3380e+01   
+1.3380e+01   
+1.3562e+01   
+1.3562e+01   
+1.3562e+01   
+1.3562e+01   
+1.3873e+01   
+1.3873e+01   
+1.3873e+01   
+1.3873e+01   
+1.3431e+01   
+1.3431e+01   
+1.3431e+01   
+1.3431e+01   
+1.3431e+01   
+1.3431e+01   
+1.3431e+01   
+1.4128e+01   
+1.4278e+01   
+1.4278e+01   
+1.4278e+01   
+1.4088e+01   
+1.4088e+01   
+1.4088e+01   
+1.4088e+01   
+1.4088e+01   
+1.4642e+01   
+1.4642e+01   
+1.4607e+01   
+1.4607e+01   
+1.3690e+01   
+1.3747e+01   
+1.3744e+01   
+1.3744e+01   
+1.3925e+01   
+1.3925e+01   
+1.3491e+01   
+1.3491e+01   
+1.3491e+01   
+1.3491e+01   
+1.3491e+01   
+1.3491e+01   
+1.3141e+01   
+1.3141e+01   
+1.3141e+01   
+1.3141e+01   
+1.3586e+01   
+1.3480e+01   
+1.3289e+01   
+1.3509e+01   
+1.3509e+01   
+1.3509e+01   
+1.4051e+01   
+1.4051e+01   
+1.4051e+01   
+1.4051e+01   
+1.4051e+01   
+1.4051e+01   
+1.4875e+01   
+1.4362e+01   
+1.4222e+01   
+1.4222e+01   
+1.4222e+01   
+1.4209e+01   
+1.3641e+01   
+1.3582e+01   
+1.3009e+01   
+1.3049e+01   
+1.2834e+01   
+1.2834e+01   
+1.2440e+01   
+1.2440e+01   
+1.2591e+01   
+1.2805e+01   
+1.3984e+01   
+1.3984e+01   
+1.3984e+01   
+1.4477e+01   
+1.4477e+01   
+1.4477e+01   
+1.4749e+01   
+1.4749e+01   
+1.4749e+01   
+1.4749e+01   
+1.4587e+01   
+1.4587e+01   
+1.4646e+01   
+1.5072e+01   
+1.5072e+01   
+1.5197e+01   
+1.4998e+01   
+1.6593e+01   
+1.6593e+01   
+1.6593e+01   
+1.6593e+01   
+1.6593e+01   
+1.6593e+01   
+1.6593e+01   
+1.6593e+01   
+1.6816e+01   
+1.6276e+01   
+1.6276e+01   
+1.6276e+01   
+1.6276e+01   
+1.6276e+01   
+1.6280e+01   
+1.6025e+01   
+1.6025e+01   
+1.5257e+01   
+1.5257e+01   
+1.5351e+01   
+1.5351e+01   
+1.5269e+01   
+1.5269e+01   
+1.5269e+01   
+1.5269e+01   
+1.5269e+01   
+1.5269e+01   
+1.4650e+01   
+1.4650e+01   
+1.4650e+01   
+1.4650e+01   
+1.4543e+01   
+1.4484e+01   
+1.4269e+01   
+1.4257e+01   
+1.4017e+01   
+1.3175e+01   
+1.3175e+01   
+1.3572e+01   
+1.3572e+01   
+1.3383e+01   
+1.3383e+01   
+1.3383e+01   
+1.3289e+01   
+1.3289e+01   
+1.2824e+01   
+1.2824e+01   
+1.2824e+01   
+1.2438e+01   
+1.2820e+01   
+1.2386e+01   
+1.2235e+01   
+1.2989e+01   
+1.2989e+01   
+1.2989e+01   
+1.2989e+01   
+1.3345e+01   
+1.3440e+01   
+1.4247e+01   
+1.4247e+01   
+1.4247e+01   
+1.3996e+01   
+1.3635e+01   
+1.3635e+01   
+1.3635e+01   
+1.4412e+01   
+1.4849e+01   
+1.4849e+01   
+1.4849e+01   
+1.4754e+01   
+1.4754e+01   
+1.4754e+01   
+1.4622e+01   
+1.4622e+01   
+1.4187e+01   
+1.4187e+01   
+1.4187e+01   
+1.4187e+01   
+1.3278e+01   
+1.3278e+01   
+1.3278e+01   
+1.4041e+01   
+1.4041e+01   
+1.4041e+01   
+1.4041e+01   
+1.3051e+01   
+1.3051e+01   
+1.3051e+01   
+1.3051e+01   
+1.3051e+01   
+1.3051e+01   
+1.3051e+01   
+1.3208e+01   
+1.3208e+01   
+1.3208e+01   
+1.3208e+01   
+1.3386e+01   
+1.3386e+01   
+1.2669e+01   
+1.2372e+01   
+1.2387e+01   
+1.2387e+01   
+1.2230e+01   
+1.2429e+01   
+1.2429e+01   
+1.2429e+01   
+1.2897e+01   
+1.2897e+01   
+1.2897e+01   
+1.2897e+01   
+1.2764e+01   
+1.2764e+01   
+1.2764e+01   
+1.2703e+01   
+1.2671e+01   
+1.2394e+01   
+1.2394e+01   
+1.2188e+01   
+1.2520e+01   
+1.2133e+01   
+1.2417e+01   
+1.2417e+01   
+1.2417e+01   
+1.2310e+01   
+1.2657e+01   
+1.2753e+01   
+1.2753e+01   
+1.2855e+01   
+1.3400e+01   
+1.3075e+01   
+1.3075e+01   
+1.3075e+01   
+1.2691e+01   
+1.2691e+01   
+1.2691e+01   
+1.2304e+01   
+1.2304e+01   
+1.2492e+01   
+1.2492e+01   
+1.2663e+01   
+1.2663e+01   
+1.2663e+01   
+1.2851e+01   
+1.2851e+01   
+1.2851e+01   
+1.3031e+01   
+1.3031e+01   
+1.3031e+01   
+1.3031e+01   
+1.2652e+01   
+1.2244e+01   
+1.2299e+01   
+1.2453e+01   
+1.2453e+01   
+1.2378e+01   
+1.2151e+01   
+1.2147e+01   
+1.3276e+01   
+1.3276e+01   
+1.3276e+01   
+1.3276e+01   
+1.3276e+01   
+1.3276e+01   
+1.3280e+01   
+1.3313e+01   
+1.3313e+01   
+1.3358e+01   
+1.3358e+01   
+1.3358e+01   
+1.3358e+01   
+1.3358e+01   
+1.3633e+01   
+1.3633e+01   
+1.3633e+01   
+1.3633e+01   
+1.3574e+01   
+1.4039e+01   
+1.3902e+01   
+1.3902e+01   
+1.3306e+01   
+1.3955e+01   
+1.3259e+01   
+1.2698e+01   
+1.3248e+01   
+1.3248e+01   
+1.3906e+01   
+1.3906e+01   
+1.3820e+01   
+1.3507e+01   
+1.3479e+01   
+1.3965e+01   
+1.3618e+01   
+1.3827e+01   
+1.3585e+01   
+1.3786e+01   
+1.4622e+01   
+1.4367e+01   
+1.4367e+01   
+1.3446e+01   
+1.2945e+01   
+1.3107e+01   
+1.3121e+01   
+1.3121e+01   
+1.3683e+01   
+1.4367e+01   
+1.4735e+01   
+1.4767e+01   
+1.4767e+01   
+1.4767e+01   
+1.4767e+01   
+1.5802e+01   
+1.5802e+01   
+1.5424e+01   
+1.5424e+01   
+1.5424e+01   
+1.5424e+01   
+1.5424e+01   
+1.5424e+01   
+1.5424e+01   
+1.5424e+01   
+1.5424e+01   
+1.4998e+01   
+1.4998e+01   
+1.4269e+01   
+1.4280e+01   
+1.4280e+01   
+1.4880e+01   
+1.4880e+01   
+1.4880e+01   
+1.4880e+01   
+1.5269e+01   
+1.5269e+01   
+1.5269e+01   
+1.5269e+01   
+1.5245e+01   
+1.4855e+01   
+1.3671e+01   
+1.3392e+01   
+1.3392e+01   
+1.3392e+01   
+1.3392e+01   
+1.3392e+01   
+1.3504e+01   
+1.3504e+01   
+1.4004e+01   
+1.3618e+01   
+1.3051e+01   
+1.3467e+01   
+1.3467e+01   
+1.3467e+01   
+1.4278e+01   
+1.4269e+01   
+1.4269e+01   
+1.4455e+01   
+1.5236e+01   
+1.5236e+01   
+1.5236e+01   
+1.5236e+01   
+1.5236e+01   
+1.5236e+01   
+1.5236e+01   
+1.5236e+01   
+1.4842e+01   
+1.4842e+01   
+1.4770e+01   
+1.5145e+01   
+1.4660e+01   
+1.4660e+01   
+1.4065e+01   
+1.4065e+01   
+1.4451e+01   
+1.4398e+01   
+1.4398e+01   
+1.4835e+01   
+1.4835e+01   
+1.4835e+01   
+1.4835e+01   
+1.4835e+01   
+1.4835e+01   
+1.4835e+01   
+1.4747e+01   
+1.4472e+01   
+1.4472e+01   
+1.4472e+01   
+1.3918e+01   
+1.3678e+01   
+1.3678e+01   
+1.3678e+01   
+1.3992e+01   
+1.4106e+01   
+1.4106e+01   
+1.4461e+01   
+1.4461e+01   
+1.4461e+01   
+1.4461e+01   
+1.4461e+01   
+1.4461e+01   
+1.5341e+01   
+1.5341e+01   
+1.5727e+01   
+1.5727e+01   
+1.5932e+01   
+1.5932e+01   
+1.6192e+01   
+1.5702e+01   
+1.5702e+01   
+1.5698e+01   
+1.5763e+01   
+1.5763e+01   
+1.5763e+01   
+1.6065e+01   
+1.6002e+01   
+1.6002e+01   
+1.5839e+01   
+1.5839e+01   
+1.5839e+01   
+1.5839e+01   
+1.5839e+01   
+1.5839e+01   
+1.5132e+01   
+1.5132e+01   
+1.5132e+01   
+1.5132e+01   
+1.5132e+01   
+1.5132e+01   
+1.5132e+01   
+1.5050e+01   
+1.5050e+01   
+1.5177e+01   
+1.4872e+01   
+1.5443e+01   
+1.5963e+01   
+1.6364e+01   
+1.6143e+01   
+1.6143e+01   
+1.6143e+01   
+1.6143e+01   
+1.5576e+01   
+1.5576e+01   
+1.5576e+01   
+1.5268e+01   
+1.5268e+01   
+1.5268e+01   
+1.5454e+01   
+1.4487e+01   
+1.4487e+01   
+1.4487e+01   
+1.5182e+01   
+1.5182e+01   
+1.5182e+01   
+1.5182e+01   
+1.5640e+01   
+1.5527e+01   
+1.5527e+01   
+1.5527e+01   
+1.5527e+01   
+1.5527e+01   
+1.5527e+01   
+1.5527e+01   
+1.5527e+01   
+1.5527e+01   
+1.5527e+01   
+1.5527e+01   
+1.5527e+01   
+1.5527e+01   
+1.5063e+01   
+1.5255e+01   
+1.5255e+01   
+1.5524e+01   
+1.5524e+01   
+1.5524e+01   
+1.5133e+01   
+1.5133e+01   
+1.5133e+01   
+1.5183e+01   
+1.5183e+01   
+1.5183e+01   
+1.5079e+01   
+1.5079e+01   
+1.5079e+01   
+1.5079e+01   
+1.5079e+01   
+1.5079e+01   
+1.5095e+01   
+1.4542e+01   
+1.4542e+01   
+1.4542e+01   
+1.4542e+01   
+1.4801e+01   
+1.4801e+01   
+1.4801e+01   
+1.4801e+01   
+1.4844e+01   
+1.4844e+01   
+1.3886e+01   
+1.3886e+01   
+1.3886e+01   
+1.4144e+01   
+1.4144e+01   
+1.3854e+01   
+1.3995e+01   
+1.3704e+01   
+1.3872e+01   
+1.3872e+01   
+1.3872e+01   
+1.3872e+01   
+1.3872e+01   
+1.4309e+01   
+1.4309e+01   
+1.4309e+01   
+1.3788e+01   
+1.3788e+01   
+1.3788e+01   
+1.3285e+01   
+1.3552e+01   
+1.3552e+01   
+1.3552e+01   
+1.4232e+01   
+1.4232e+01   
+1.4232e+01   
+1.4232e+01   
+1.3951e+01   
+1.3951e+01   
+1.3951e+01   
+1.3951e+01   
+1.3433e+01   
+1.3433e+01   
+1.3433e+01   
+1.3228e+01   
+1.3534e+01   
+1.3415e+01   
+1.3415e+01   
+1.3430e+01   
+1.3659e+01   
+1.3659e+01   
+1.3659e+01   
+1.3659e+01   
+1.3372e+01   
+1.3094e+01   
+1.3094e+01   
+1.3094e+01   
+1.3216e+01   
+1.3216e+01   
+1.3216e+01   
+1.3216e+01   
+1.3061e+01   
+1.3080e+01   
+1.2873e+01   
+1.2873e+01   
+1.2323e+01   
+1.2323e+01   
+1.2040e+01   
+1.2040e+01   
+1.2273e+01   
+1.2273e+01   
+1.2273e+01   
